2.5000000000000002e-08 1.1398812351705865e+22 1.88771211418549e+21 9.511100237520375e+21
2.5020000000000002e-08 1.1273280778079102e+22 1.868386104989291e+21 9.40489467308981e+21
2.504e-08 1.1149203994642232e+22 1.8492736817227474e+21 9.299930312919484e+21
2.506e-08 1.1026564186435536e+22 1.8303723121149225e+21 9.196191874320614e+21
2.508e-08 1.0905343769126225e+22 1.8116794959369533e+21 9.093664273189272e+21
2.5100000000000003e-08 1.0785525385855574e+22 1.793192764571213e+21 8.992332621284361e+21
2.5120000000000003e-08 1.0667091904131525e+22 1.7749096805866057e+21 8.89218222354492e+21
2.5140000000000002e-08 1.0550026412765926e+22 1.756827837319887e+21 8.793198575446039e+21
2.516e-08 1.0434312218855996e+22 1.738944858462961e+21 8.695367360393036e+21
2.518e-08 1.031993284480904e+22 1.7212583976560105e+21 8.598674447153028e+21
2.52e-08 1.0206872025410103e+22 1.7037661380864306e+21 8.503105887323672e+21
2.522e-08 1.0095113704931502e+22 1.6864657920934184e+21 8.408647912838084e+21
2.524e-08 9.984642034284018e+21 1.6693551007781943e+21 8.315286933505822e+21
2.5260000000000003e-08 9.87544136820877e+21 1.652431833619706e+21 8.223009534589063e+21
2.5280000000000002e-08 9.767496262509467e+21 1.6356937880958085e+21 8.13180247441366e+21
2.53e-08 9.660791471324086e+21 1.61913878930976e+21 8.041652682014327e+21
2.532e-08 9.55531194443574e+21 1.6027646896220157e+21 7.952547254813725e+21
2.534e-08 9.451042824621956e+21 1.5865693682872193e+21 7.864473456334736e+21
2.536e-08 9.347969445041673e+21 1.5705507310962934e+21 7.77741871394538e+21
2.538e-08 9.246077326659719e+21 1.554706710023593e+21 7.691370616636126e+21
2.54e-08 9.145352175707833e+21 1.53903526287901e+21 7.606316912828823e+21
2.5420000000000002e-08 9.045779881181995e+21 1.5235343729649823e+21 7.522245508217012e+21
2.544e-08 8.947346512375427e+21 1.5082020487383338e+21 7.439144463637093e+21
2.546e-08 8.850038316446389e+21 1.4930363234768165e+21 7.357001992969573e+21
2.548e-08 8.753841716021032e+21 1.478035254950406e+21 7.275806461070626e+21
2.55e-08 8.658743306829812e+21 1.463196925097129e+21 7.195546381732684e+21
2.552e-08 8.564729855377908e+21 1.4485194397035035e+21 7.116210415674405e+21
2.554e-08 8.471788296648297e+21 1.4340009280893936e+21 7.037787368558903e+21
2.556e-08 8.379905731837634e+21 1.4196395427973106e+21 6.960266189040324e+21
2.5579999999999998e-08 8.289069426124142e+21 1.4054334592860467e+21 6.883635966838095e+21
2.56e-08 8.199266806466975e+21 1.3913808756285728e+21 6.807885930838402e+21
2.562e-08 8.110485459436984e+21 1.3774800122141928e+21 6.733005447222791e+21
2.564e-08 8.022713129077752e+21 1.3637291114547952e+21 6.658984017622956e+21
2.566e-08 7.935937714797177e+21 1.3501264374952472e+21 6.58581127730193e+21
2.568e-08 7.850147269288608e+21 1.3366702759277903e+21 6.513476993360817e+21
2.57e-08 7.765329996481403e+21 1.323358933510434e+21 6.44197106297097e+21
2.5719999999999998e-08 7.681474249520287e+21 1.3101907378892395e+21 6.371283511631047e+21
2.5739999999999998e-08 7.59856852877316e+21 1.2971640373244742e+21 6.301404491448686e+21
2.576e-08 7.516601479867031e+21 1.2842772004205725e+21 6.232324279446459e+21
2.578e-08 7.435561891751474e+21 1.271528615859836e+21 6.164033275891638e+21
2.58e-08 7.355438694789287e+21 1.2589166921398142e+21 6.096522002649473e+21
2.582e-08 7.276220958873989e+21 1.2464398573143405e+21 6.029781101559648e+21
2.584e-08 7.197897891573735e+21 1.2340965587381403e+21 5.963801332835595e+21
2.5859999999999998e-08 7.120458836301213e+21 1.22188526281497e+21 5.898573573486243e+21
2.5879999999999997e-08 7.043893270509196e+21 1.209804454749243e+21 5.834088815759953e+21
2.5899999999999997e-08 6.968190803911356e+21 1.197852638301079e+21 5.770338165610276e+21
2.592e-08 6.893341176727919e+21 1.1860283355447288e+21 5.70731284118319e+21
2.594e-08 6.819334257955938e+21 1.1743300866303434e+21 5.645004171325594e+21
2.596e-08 6.746160043663564e+21 1.1627564495489992e+21 5.583403594114565e+21
2.598e-08 6.673808655308304e+21 1.151305999900988e+21 5.522502655407315e+21
2.5999999999999998e-08 6.602270338078586e+21 1.1399773306672645e+21 5.462293007411322e+21
