2.5000000000000002e-08 114264.38652619172 120352.34815890784 -4004.884060126471 -3535.961697319396 1452.8841247297592
2.5020000000000002e-08 112891.97604180315 118780.66008150113 -3810.531654945205 -3524.23149120364 1446.079106450861
2.504e-08 111534.88718238367 117227.06777369611 -3618.9859193620077 -3512.4983715426083 1439.3036995921834
2.506e-08 110192.94660303023 115691.36332715201 -3430.2114158465606 -3500.7631455360042 1432.5578372607793
2.508e-08 108865.98299981549 114173.34130337756 -3244.1731495255112 -3489.026605538107 1425.8414515015465
2.5100000000000003e-08 107553.82708454471 112672.79870301063 -3060.836562507397 -3477.289529283455 1419.1544733249304
2.5120000000000003e-08 106256.31155984232 111189.53493550075 -2880.167528283336 -3465.552680109241 1412.4968327341564
2.5140000000000002e-08 104973.2710945606 109723.35178918527 -2702.132346202232 -3453.8168071744185 1405.8684587519595
2.516e-08 103704.54229951087 108274.05340175935 -2526.697736019731 -3442.082645675608 1399.269279446853
2.518e-08 102449.96370350852 106841.44623112908 -2353.830832519664 -3430.350917059837 1392.6992219589265
2.52e-08 101209.37572973143 105425.33902664769 -2183.4991802072764 -3418.6223292341683 1386.1582125251948
2.522e-08 99982.62067238217 104025.54280072259 -2015.670728072674 -3406.897576772233 1379.6461765044808
2.524e-08 98769.54267365599 102641.87080079605 -1850.31382442417 -3395.1773411177755 1373.163038401875
2.5260000000000003e-08 97569.98770100597 101274.13848168854 -1687.3972117901474 -3383.462290785146 1366.7087218927286
2.5280000000000002e-08 96383.80352470317 99922.1634783025 -1526.8900218886406 -3371.7530815569617 1360.2831498462622
2.53e-08 95210.83969568605 98585.76557867952 -1368.761770663403 -3360.050356678762 1353.886244348707
2.532e-08 94050.94752369894 97264.76669740996 -1212.9823533862232 -3348.354747050874 1347.5179267260587
2.534e-08 92903.9800557116 95958.99084938651 -1059.5220398238669 -3336.6668714174625 1341.178117566415
2.536e-08 91769.792054617 94668.26412389682 -908.3514694689285 -3324.987336552791 1334.8667367419134
2.538e-08 90648.23997820634 93392.41465905496 -759.4416468341107 -3313.3167374447735 1328.5837034302667
2.54e-08 89539.18195841233 92131.27261656059 -612.7639368083553 -3301.655657475823 1322.3289361359218
2.5420000000000002e-08 88442.47778082281 90884.67015678772 -468.2900600746776 -3290.0046686010623 1316.102352710826
2.544e-08 87357.98886445824 89652.4414141959 -325.99208858855667 -3278.3643315239233 1309.9038703748204
2.546e-08 86285.57824180569 88434.42247305464 -185.84244111544686 -3266.735195869179 1303.7334057356693
2.548e-08 85225.11053911601 87230.45134348879 -47.81387882808345 -3255.117800353419 1297.5908748087109
2.55e-08 84176.45195694781 86040.36793782565 88.12049903908627 -3243.5126729530707 1291.476193036168
2.552e-08 83139.47025096734 84864.01404725378 221.98725947740104 -3231.9203310699245 1285.389275306094
2.554e-08 82114.03471299021 83701.23331877783 353.8126399356498 -3220.341281694245 1279.3300359709751
2.556e-08 81100.01615226884 82551.87123247268 483.62255249567426 -3208.776021565512 1273.2983888659962
2.5579999999999998e-08 80097.28687701955 81415.77507903024 611.4425879931194 -3197.225037330788 1267.2942473269666
2.56e-08 79105.72067618552 80292.79393759425 737.2980200841328 -3185.688805700774 1261.3175242079153
2.562e-08 78125.19280143481 79182.77865388166 861.2138092583734 -3174.167793603592 1255.3681318983743
2.564e-08 77155.57994938639 78085.5818185827 983.2146067996723 -3162.6624583362955 1249.4459823403188
2.566e-08 76196.76024406559 77001.05774604052 1103.3247586944367 -3151.1732477141795 1243.550987044818
2.568e-08 75248.61321958264 75929.06245320327 1221.5683094889148 -3139.7006002179114 1237.6830571083672
2.57e-08 74311.01980303295 74869.45363884665 1337.969006095865 -3128.2449451384828 1231.8421032289114
2.5719999999999998e-08 73383.8622976151 73822.09066306222 1452.5503015513666 -3116.8067027200673 1226.02803572158
2.5739999999999998e-08 72467.024365964 72786.83452700812 1565.335358722519 -3105.3862843007623 1220.2407645341184
2.576e-08 71560.3910136973 71763.54785292009 1676.3470539664854 -3093.9840924513064 1214.4801992620407
2.578e-08 70663.84857317062 70752.09486437708 1785.6079807417682 -3082.6005211117294 1208.7462491634922
2.58e-08 69777.28468743947 69752.34136681937 1893.140453172302 -3071.2359557260215 1203.0388231738293
2.582e-08 68900.58829442512 68764.15472831498 1998.9665095650328 -3059.89077337483 1197.357829919932
2.584e-08 68033.64961128225 67787.4038605728 2103.1079158814273 -3048.565342906213 1191.7031777342406
2.5859999999999998e-08 67176.36011896469 66821.95920019681 2205.5861691638397 -3037.2600250644837 1186.0747746685317
2.5879999999999997e-08 66328.6125469869 65867.6926901795 2306.4225009171314 -3025.975172617162 1180.4725285074283
2.5899999999999997e-08 65490.300858379196 64924.47776163137 2405.6378804462374 -3014.7111304800605 1174.896346781647
2.592e-08 64661.32023483281 63992.18931574205 2503.253018150315 -3003.468235840568 1169.346136781011
2.594e-08 63841.5670620346 63070.70370597264 2599.2883687738754 -2992.246818279107 1163.8218055671944
2.596e-08 63030.93891518518 62159.8987204719 2693.7641346158475 -2981.047199888806 1158.3232599862315
2.598e-08 62229.33454470244 61259.653564718414 2786.7002686966807 -2969.86969539344 1152.8504066807832
2.5999999999999998e-08 61436.653862104235 60369.84884438126 2878.116477884448 -2958.714612263634 1147.4031521021686
